_viz_net_graph = nengo_gui.components.NetGraph()
_viz_progress = nengo_gui.components.Progress()
_viz_config[_viz_progress].x = 0
_viz_config[_viz_progress].y = 0
_viz_config[_viz_progress].width = 100
_viz_config[_viz_progress].height = 100
_viz_config[_viz_progress].label_visible = True
_viz_sim_control = nengo_gui.components.SimControl()
_viz_config[_viz_sim_control].shown_time = 0.5
_viz_config[_viz_sim_control].kept_time = 4.0
_viz_config[cn].pos=(0.7330097087378641, 0.09569377990430622)
_viz_config[cn].size=(0.048543689320388356, 0.04784688995215311)
_viz_config[inf_olive].pos=(0.886353491212129, 0.5897235554263183)
_viz_config[inf_olive].size=(0.048543689320388356, 0.04784688995215311)
_viz_config[model].pos=(0, 0)
_viz_config[model].size=(1.0, 1.0)
_viz_config[model].expanded=True
_viz_config[model].has_layout=True
_viz_config[motor].pos=(0.9271844660194175, 0.09569377990430622)
_viz_config[motor].size=(0.048543689320388356, 0.04784688995215311)
_viz_config[puff].pos=(0.8109583346921053, 0.7943027490943683)
_viz_config[puff].size=(0.03883495145631068, 0.03827751196172249)
_viz_config[purkinje_pause].pos=(0.6828178626188546, 0.2724482156240026)
_viz_config[purkinje_pause].size=(0.048543689320388356, 0.04784688995215311)
_viz_config[rw].pos=(0.2961165048543689, 0.29186602870813394)
_viz_config[rw].size=(0.09708737864077671, 0.19138755980861244)
_viz_config[rw].expanded=False
_viz_config[rw].has_layout=False
_viz_config[stim].pos=(0.06310679611650485, 0.29186602870813394)
_viz_config[stim].size=(0.03883495145631068, 0.03827751196172249)